Frequency NON_00 NON_01 NON_11 IBD_00 IBD_01 IBD_11
0.000 1.00000000 0.00000000 0.00000000 1.00000000 0.00000000 0.00000000
0.002 0.99886412 0.00113240 0.00000349 0.99886315 0.00018648 0.00095037
0.004 0.99772823 0.00226480 0.00000697 0.99772631 0.00037295 0.00190074
0.006 0.99464550 0.00532549 0.00002900 0.99585510 0.00051909 0.00362581
0.008 0.98961593 0.01031448 0.00006958 0.99324954 0.00062489 0.00612557
0.010 0.98458636 0.01530348 0.00011016 0.99064397 0.00073069 0.00862534
0.012 0.97955679 0.02029247 0.00015074 0.98803841 0.00083648 0.01112511
0.014 0.97452722 0.02528146 0.00019132 0.98543285 0.00094228 0.01362487
0.016 0.97003966 0.02970816 0.00025218 0.98311873 0.00101778 0.01586349
0.018 0.96609412 0.03357258 0.00033331 0.98109605 0.00106300 0.01784095
0.020 0.96214857 0.03743699 0.00041444 0.97907338 0.00110821 0.01981841
0.022 0.95820303 0.04130140 0.00049557 0.97705070 0.00115343 0.02179587
0.024 0.95425749 0.04516582 0.00057670 0.97502803 0.00119864 0.02377333
0.026 0.95044237 0.04887855 0.00067908 0.97287385 0.00125308 0.02587307
0.028 0.94675767 0.05243961 0.00080272 0.97058818 0.00131673 0.02809509
0.030 0.94307297 0.05600067 0.00092636 0.96830250 0.00138039 0.03031711
0.032 0.93938828 0.05956172 0.00105000 0.96601682 0.00144405 0.03253913
0.034 0.93570358 0.06312278 0.00117364 0.96373114 0.00150771 0.03476115
0.036 0.93198140 0.06669519 0.00132340 0.96145845 0.00155720 0.03698436
0.038 0.92822175 0.07027896 0.00149929 0.95919873 0.00159251 0.03920876
0.040 0.92446209 0.07386274 0.00167517 0.95693902 0.00162782 0.04143316
0.042 0.92070244 0.07744651 0.00185106 0.95467931 0.00166313 0.04365756
0.044 0.91694278 0.08103028 0.00202694 0.95241960 0.00169845 0.04588196
0.046 0.91329734 0.08448849 0.00221417 0.95042896 0.00175549 0.04781555
0.048 0.90976611 0.08782113 0.00241276 0.94870739 0.00183426 0.04945834
0.050 0.90623488 0.09115377 0.00261134 0.94698583 0.00191304 0.05110113
0.052 0.90270366 0.09448642 0.00280993 0.94526426 0.00199181 0.05274392
0.054 0.89917243 0.09781906 0.00300851 0.94354270 0.00207059 0.05438671
0.056 0.89552913 0.10123136 0.00323950 0.94168062 0.00213752 0.05618186
0.058 0.89177377 0.10472333 0.00350289 0.93967802 0.00219261 0.05812936
0.060 0.88801842 0.10821530 0.00376629 0.93767543 0.00224770 0.06007687
0.062 0.88426306 0.11170727 0.00402968 0.93567283 0.00230279 0.06202438
0.064 0.88050770 0.11519923 0.00429307 0.93367023 0.00235788 0.06397188
0.066 0.87688153 0.11854405 0.00457442 0.93156833 0.00242198 0.06600969
0.068 0.87338456 0.12174171 0.00487373 0.92936710 0.00249509 0.06813781
0.070 0.86988759 0.12493938 0.00517304 0.92716588 0.00256820 0.07026592
0.072 0.86639061 0.12813704 0.00547234 0.92496466 0.00264131 0.07239403
0.074 0.86289364 0.13133471 0.00577165 0.92276343 0.00271442 0.07452214
0.076 0.85939136 0.13451554 0.00609310 0.92075019 0.00273440 0.07651541
0.078 0.85588376 0.13767955 0.00643669 0.91892493 0.00270123 0.07837384
0.080 0.85237616 0.14084356 0.00678028 0.91709967 0.00266807 0.08023226
0.082 0.84886856 0.14400756 0.00712388 0.91527441 0.00263490 0.08209069
0.084 0.84536096 0.14717157 0.00746747 0.91344915 0.00260174 0.08394912
0.086 0.84181111 0.15034368 0.00784520 0.91168105 0.00261615 0.08570280
0.088 0.83821901 0.15352391 0.00825708 0.90997013 0.00267813 0.08735174
0.090 0.83462691 0.15670413 0.00866895 0.90825920 0.00274012 0.08900068
0.092 0.83103481 0.15988436 0.00908083 0.90654828 0.00280210 0.09064962
0.094 0.82744271 0.16306458 0.00949271 0.90483735 0.00286409 0.09229856
0.096 0.82411402 0.16598713 0.00989884 0.90276951 0.00292293 0.09430756
0.098 0.82104874 0.16865202 0.01029924 0.90034475 0.00297861 0.09667664
0.100 0.81798347 0.17131690 0.01069963 0.89791999 0.00303430 0.09904571
0.102 0.81491819 0.17398178 0.01110003 0.89549523 0.00308998 0.10141479
0.104 0.81185291 0.17664667 0.01150043 0.89307047 0.00314567 0.10378386
0.106 0.80846814 0.17959721 0.01193465 0.89111690 0.00319965 0.10568345
0.108 0.80476388 0.18283341 0.01240271 0.88963453 0.00325192 0.10711355
0.110 0.80105963 0.18606961 0.01287076 0.88815215 0.00330420 0.10854365
0.112 0.79735537 0.18930581 0.01333881 0.88666978 0.00335647 0.10997375
0.114 0.79365112 0.19254201 0.01380687 0.88518740 0.00340875 0.11140385
0.116 0.79009254 0.19564807 0.01425938 0.88341464 0.00344843 0.11313693
0.118 0.78667965 0.19862399 0.01469636 0.88135148 0.00347552 0.11517300
0.120 0.78326675 0.20159991 0.01513334 0.87928833 0.00350261 0.11720906
0.122 0.77985386 0.20457582 0.01557032 0.87722518 0.00352970 0.11924512
0.124 0.77644096 0.20755174 0.01600730 0.87516202 0.00355679 0.12128119
0.126 0.77303191 0.21044161 0.01652648 0.87286759 0.00362407 0.12350834
0.128 0.76962671 0.21324543 0.01712786 0.87034188 0.00373153 0.12592659
0.130 0.76622150 0.21604926 0.01772924 0.86781617 0.00383900 0.12834483
0.132 0.76281630 0.21885308 0.01833062 0.86529046 0.00394647 0.13076308
0.134 0.75941109 0.22165690 0.01893201 0.86276474 0.00405394 0.13318132
0.136 0.75608622 0.22438003 0.01953376 0.86072680 0.00414419 0.13512901
0.138 0.75284168 0.22702245 0.02013588 0.85917663 0.00421722 0.13660614
0.140 0.74959714 0.22966487 0.02073799 0.85762646 0.00429026 0.13808328
0.142 0.74635260 0.23230729 0.02134011 0.85607629 0.00436330 0.13956041
0.144 0.74310806 0.23494972 0.02194223 0.85452612 0.00443633 0.14103755
0.146 0.73981060 0.23764140 0.02254800 0.85274212 0.00444509 0.14281280
0.148 0.73646023 0.24038236 0.02315742 0.85072429 0.00438956 0.14488615
0.150 0.73310985 0.24312331 0.02376684 0.84870646 0.00433402 0.14695951
0.152 0.72975948 0.24586426 0.02437626 0.84668864 0.00427849 0.14903287
0.154 0.72640910 0.24860521 0.02498568 0.84467081 0.00422296 0.15110623
0.156 0.72335452 0.25096039 0.02568509 0.84248097 0.00423152 0.15328750
0.158 0.72059572 0.25292980 0.02647447 0.84011912 0.00430418 0.15557669
0.160 0.71783692 0.25489922 0.02726386 0.83775728 0.00437684 0.15786588
0.162 0.71507813 0.25686863 0.02805324 0.83539543 0.00444950 0.16015507
0.164 0.71231933 0.25883804 0.02884263 0.83303358 0.00452215 0.16244426
0.166 0.70931524 0.26108978 0.02959498 0.83094294 0.00455819 0.16449886
0.168 0.70606584 0.26362386 0.03031029 0.82912351 0.00455762 0.16631887
0.170 0.70281645 0.26615794 0.03102561 0.82730408 0.00455704 0.16813888
0.172 0.69956705 0.26869202 0.03174092 0.82548465 0.00455646 0.16995889
0.174 0.69631766 0.27122610 0.03245624 0.82366522 0.00455588 0.17177890
0.176 0.69323756 0.27356185 0.03320059 0.82185659 0.00456949 0.17357392
0.178 0.69032677 0.27569925 0.03397398 0.82005875 0.00459729 0.17534395
0.180 0.68741597 0.27783666 0.03474737 0.81826092 0.00462509 0.17711398
0.182 0.68450518 0.27997406 0.03552076 0.81646309 0.00465289 0.17888401
0.184 0.68159438 0.28211147 0.03629415 0.81466526 0.00468069 0.18065404
0.186 0.67856852 0.28427918 0.03715230 0.81287678 0.00471257 0.18241064
0.188 0.67542760 0.28647719 0.03809521 0.81109765 0.00474853 0.18415382
0.190 0.67228668 0.28867520 0.03903812 0.80931851 0.00478449 0.18589699
0.192 0.66914576 0.29087321 0.03998103 0.80753938 0.00482045 0.18764017
0.194 0.66600484 0.29307122 0.04092394 0.80576025 0.00485641 0.18938334
0.196 0.66262134 0.29560508 0.04177358 0.80364518 0.00489834 0.19145648
0.198 0.65899526 0.29847481 0.04252994 0.80119418 0.00494624 0.19385958
0.200 0.65536918 0.30134453 0.04328630 0.79874318 0.00499415 0.19626268
0.202 0.65174309 0.30421425 0.04404265 0.79629218 0.00504205 0.19866577
0.204 0.64811701 0.30708397 0.04479901 0.79384118 0.00508995 0.20106887
0.206 0.64460065 0.30980981 0.04558954 0.79123042 0.00521535 0.20355423
0.208 0.64119401 0.31239175 0.04641424 0.78845990 0.00541825 0.20612185
0.210 0.63778737 0.31497369 0.04723894 0.78568938 0.00562115 0.20868947
0.212 0.63438073 0.31755563 0.04806364 0.78291886 0.00582404 0.21125710
0.214 0.63097409 0.32013757 0.04888834 0.78014834 0.00602694 0.21382472
0.216 0.62759247 0.32264439 0.04976314 0.77796939 0.00604313 0.21598748
0.218 0.62423586 0.32507610 0.05068804 0.77638200 0.00587261 0.21774539
0.220 0.62087926 0.32750780 0.05161294 0.77479461 0.00570209 0.21950330
0.222 0.61752266 0.32993950 0.05253784 0.77320722 0.00553157 0.22126121
0.224 0.61416606 0.33237120 0.05346274 0.77161983 0.00536105 0.22301912
0.226 0.61117402 0.33438384 0.05444214 0.76979985 0.00540272 0.22479743
0.228 0.60854653 0.33597742 0.05547605 0.76774727 0.00565658 0.22659615
0.230 0.60591904 0.33757099 0.05650997 0.76569470 0.00591044 0.22839486
0.232 0.60329156 0.33916456 0.05754388 0.76364213 0.00616430 0.23019357
0.234 0.60066407 0.34075814 0.05857779 0.76158955 0.00641816 0.23199229
0.236 0.59767705 0.34271662 0.05960633 0.75962127 0.00649243 0.23388630
0.238 0.59433049 0.34504001 0.06062950 0.75773729 0.00638710 0.23587561
0.240 0.59098393 0.34736340 0.06165267 0.75585331 0.00628177 0.23786492
0.242 0.58763737 0.34968679 0.06267584 0.75396932 0.00617644 0.23985424
0.244 0.58429081 0.35201018 0.06369901 0.75208534 0.00607112 0.24184355
0.246 0.58161434 0.35356357 0.06482209 0.75046709 0.00604844 0.24348447
0.248 0.57960794 0.35434697 0.06604509 0.74911459 0.00610842 0.24477699
0.250 0.57760155 0.35513036 0.06726809 0.74776208 0.00616840 0.24606952
0.252 0.57559515 0.35591376 0.06849109 0.74640958 0.00622837 0.24736205
0.254 0.57358876 0.35669715 0.06971409 0.74505708 0.00628835 0.24865457
0.256 0.57101085 0.35812584 0.07086331 0.74327146 0.00639860 0.25032994
0.258 0.56786144 0.36019982 0.07193875 0.74105272 0.00655912 0.25238816
0.260 0.56471202 0.36227380 0.07301418 0.73883399 0.00671964 0.25444637
0.262 0.56156260 0.36434778 0.07408962 0.73661526 0.00688016 0.25650458
0.264 0.55841319 0.36642175 0.07516506 0.73439653 0.00704068 0.25856280
0.266 0.55542428 0.36827694 0.07629878 0.73256888 0.00712846 0.26030266
0.268 0.55259588 0.36991334 0.07749078 0.73113233 0.00714351 0.26172416
0.270 0.54976748 0.37154974 0.07868277 0.72969577 0.00715856 0.26314566
0.272 0.54693908 0.37318614 0.07987477 0.72825922 0.00717362 0.26456717
0.274 0.54411068 0.37482254 0.08106677 0.72682266 0.00718867 0.26598867
0.276 0.54056428 0.37728435 0.08215137 0.72435474 0.00726495 0.26838031
0.278 0.53629986 0.38057158 0.08312857 0.72085546 0.00740246 0.27174209
0.280 0.53203544 0.38385880 0.08410576 0.71735617 0.00753997 0.27510386
0.282 0.52777102 0.38714602 0.08508296 0.71385689 0.00767748 0.27846563
0.284 0.52350660 0.39043324 0.08606016 0.71035760 0.00781499 0.28182741
0.286 0.52050614 0.39240590 0.08708796 0.70836545 0.00795657 0.28367798
0.288 0.51876963 0.39306401 0.08816637 0.70788044 0.00810222 0.28401735
0.290 0.51703311 0.39372211 0.08924477 0.70739542 0.00824787 0.28435671
0.292 0.51529660 0.39438022 0.09032318 0.70691040 0.00839352 0.28469608
0.294 0.51356009 0.39503832 0.09140159 0.70642539 0.00853917 0.28503545
0.296 0.51081504 0.39663694 0.09254802 0.70581161 0.00859133 0.28559706
0.298 0.50706144 0.39917609 0.09376246 0.70506909 0.00855001 0.28638090
0.300 0.50330785 0.40171524 0.09497691 0.70432656 0.00850869 0.28716475
0.302 0.49955426 0.40425439 0.09619136 0.70358404 0.00846737 0.28794860
0.304 0.49580067 0.40679353 0.09740580 0.70284151 0.00842604 0.28873245
0.306 0.49296984 0.40824286 0.09878730 0.70098475 0.00844688 0.29056837
0.308 0.49106179 0.40860237 0.10033584 0.69801376 0.00852986 0.29345638
0.310 0.48915374 0.40896188 0.10188438 0.69504276 0.00861285 0.29634439
0.312 0.48724568 0.40932139 0.10343292 0.69207177 0.00869583 0.29923240
0.314 0.48533763 0.40968090 0.10498147 0.68910077 0.00877882 0.30212041
0.316 0.48278584 0.41087444 0.10633973 0.68629967 0.00885581 0.30484452
0.318 0.47959030 0.41290200 0.10750770 0.68366847 0.00892680 0.30740473
0.320 0.47639476 0.41492956 0.10867567 0.68103726 0.00899779 0.30996494
0.322 0.47319923 0.41695713 0.10984364 0.67840606 0.00906879 0.31252516
0.324 0.47000369 0.41898469 0.11101162 0.67577485 0.00913978 0.31508537
0.326 0.46710396 0.42048276 0.11241328 0.67333850 0.00929407 0.31736743
0.328 0.46450004 0.42145133 0.11404863 0.67109701 0.00953166 0.31937133
0.330 0.46189612 0.42241991 0.11568397 0.66885552 0.00976926 0.32137522
0.332 0.45929219 0.42338848 0.11731932 0.66661403 0.01000685 0.32337912
0.334 0.45668827 0.42435706 0.11895467 0.66437254 0.01024444 0.32538301
0.336 0.45425532 0.42530735 0.12043733 0.66207117 0.01033730 0.32759153
0.338 0.45199335 0.42623935 0.12176730 0.65970991 0.01028542 0.33000467
0.340 0.44973138 0.42717135 0.12309727 0.65734864 0.01023354 0.33241782
0.342 0.44746941 0.42810335 0.12442724 0.65498738 0.01018166 0.33483096
0.344 0.44520743 0.42903535 0.12575721 0.65262612 0.01012978 0.33724410
0.346 0.44271586 0.43018269 0.12710145 0.65132579 0.01010362 0.33857059
0.348 0.43999469 0.43154537 0.12845994 0.65108639 0.01010319 0.33881042
0.350 0.43727352 0.43290805 0.12981843 0.65084699 0.01010276 0.33905025
0.352 0.43455235 0.43427073 0.13117693 0.65060759 0.01010233 0.33929008
0.354 0.43183117 0.43563340 0.13253542 0.65036820 0.01010189 0.33952991
0.356 0.42899383 0.43703586 0.13397030 0.64884456 0.01036437 0.34079108
0.358 0.42604032 0.43847810 0.13548158 0.64603668 0.01088974 0.34307358
0.360 0.42308681 0.43992034 0.13699285 0.64322880 0.01141512 0.34535609
0.362 0.42013330 0.44136258 0.13850412 0.64042092 0.01194049 0.34763859
0.364 0.41717979 0.44280482 0.14001539 0.63761304 0.01246587 0.34992109
0.366 0.41446381 0.44398444 0.14155175 0.63414283 0.01281106 0.35304611
0.368 0.41198537 0.44490144 0.14311320 0.63001029 0.01297606 0.35701365
0.370 0.40950692 0.44581844 0.14467464 0.62587774 0.01314107 0.36098119
0.372 0.40702848 0.44673544 0.14623609 0.62174520 0.01330608 0.36494873
0.374 0.40455003 0.44765243 0.14779753 0.61761265 0.01347109 0.36891626
0.376 0.40214092 0.44839151 0.14946757 0.61506338 0.01347971 0.37145691
0.378 0.39980115 0.44895266 0.15124618 0.61409738 0.01333195 0.37257068
0.380 0.39746138 0.44951381 0.15302480 0.61313137 0.01318419 0.37368444
0.382 0.39512161 0.45007497 0.15480342 0.61216537 0.01303642 0.37479820
0.384 0.39278184 0.45063612 0.15658204 0.61119937 0.01288866 0.37591197
0.386 0.39043966 0.45135929 0.15820105 0.60913137 0.01285845 0.37801019
0.388 0.38809507 0.45224447 0.15966046 0.60596137 0.01294578 0.38109286
0.390 0.38575048 0.45312965 0.16111987 0.60279137 0.01303311 0.38417553
0.392 0.38340589 0.45401483 0.16257927 0.59962137 0.01312044 0.38725820
0.394 0.38106130 0.45490002 0.16403868 0.59645137 0.01320777 0.39034087
0.396 0.37849821 0.45594874 0.16555305 0.59526413 0.01333620 0.39139967
0.398 0.37571662 0.45716102 0.16712236 0.59605965 0.01350574 0.39043461
0.400 0.37293502 0.45837329 0.16869168 0.59685517 0.01367528 0.38946955
0.402 0.37015343 0.45958557 0.17026100 0.59765069 0.01384482 0.38850449
0.404 0.36737184 0.46079785 0.17183032 0.59844621 0.01401436 0.38753943
0.406 0.36482747 0.46142696 0.17374557 0.59706381 0.01399493 0.38894126
0.408 0.36252034 0.46147291 0.17600675 0.59350351 0.01378653 0.39270996
0.410 0.36021321 0.46151886 0.17826794 0.58994320 0.01357814 0.39647866
0.412 0.35790607 0.46156481 0.18052912 0.58638289 0.01336975 0.40024736
0.414 0.35559894 0.46161076 0.18279030 0.58282259 0.01316135 0.40401606
0.416 0.35347317 0.46170181 0.18482502 0.58016332 0.01315327 0.40668341
0.418 0.35152876 0.46183797 0.18663327 0.57840511 0.01334551 0.40824939
0.420 0.34958434 0.46197413 0.18844153 0.57664689 0.01353774 0.40981537
0.422 0.34763993 0.46211029 0.19024978 0.57488867 0.01372998 0.41138135
0.424 0.34569552 0.46224645 0.19205803 0.57313046 0.01392221 0.41294733
0.426 0.34362420 0.46261951 0.19375629 0.57215389 0.01393979 0.41390632
0.428 0.34142597 0.46322949 0.19534454 0.57195897 0.01378270 0.41425833
0.430 0.33922775 0.46383946 0.19693279 0.57176405 0.01362562 0.41461033
0.432 0.33702952 0.46444943 0.19852105 0.57156913 0.01346853 0.41496234
0.434 0.33483129 0.46505941 0.20010930 0.57137421 0.01331145 0.41531434
0.436 0.33144778 0.46760320 0.20094902 0.56939700 0.01298759 0.41761540
0.438 0.32687898 0.47208081 0.20104021 0.56563752 0.01249697 0.42186552
0.440 0.32231018 0.47655842 0.20113140 0.56187803 0.01200634 0.42611563
0.442 0.31774139 0.48103603 0.20122258 0.55811854 0.01151571 0.43036575
0.444 0.31317259 0.48551364 0.20131377 0.55435905 0.01102508 0.43461587
0.446 0.31039253 0.48678243 0.20282504 0.55047349 0.01121245 0.43831406
0.448 0.30940122 0.48484239 0.20575639 0.54646186 0.01207782 0.44146032
0.450 0.30840991 0.48290235 0.20868774 0.54245023 0.01294319 0.44460658
0.452 0.30741859 0.48096232 0.21161909 0.53843860 0.01380856 0.44775283
0.454 0.30642728 0.47902228 0.21455044 0.53442698 0.01467393 0.45089909
0.456 0.30524484 0.47724329 0.21751187 0.53258194 0.01514659 0.45227147
0.458 0.30387127 0.47562535 0.22050338 0.53290351 0.01522654 0.45186995
0.460 0.30249770 0.47400741 0.22349489 0.53322507 0.01530650 0.45146843
0.462 0.30112413 0.47238947 0.22648640 0.53354664 0.01538645 0.45106692
0.464 0.29975056 0.47077153 0.22947792 0.53386820 0.01546640 0.45066540
0.466 0.29782794 0.47030364 0.23186842 0.53316385 0.01548309 0.45135306
0.468 0.29535627 0.47098581 0.23365792 0.53143359 0.01543652 0.45312989
0.470 0.29288460 0.47166797 0.23544742 0.52970333 0.01538994 0.45490672
0.472 0.29041294 0.47235014 0.23723692 0.52797307 0.01534337 0.45668356
0.474 0.28794127 0.47303231 0.23902642 0.52624281 0.01529679 0.45846039
0.476 0.28536077 0.47380606 0.24083317 0.52470037 0.01563132 0.45966831
0.478 0.28267144 0.47467139 0.24265717 0.52334574 0.01634694 0.46030732
0.480 0.27998211 0.47553673 0.24448117 0.52199110 0.01706257 0.46094633
0.482 0.27729278 0.47640206 0.24630517 0.52063647 0.01777820 0.46158533
0.484 0.27460344 0.47726739 0.24812916 0.51928184 0.01849382 0.46222434
0.486 0.27222501 0.47816210 0.24961289 0.51699661 0.01865838 0.46434501
0.488 0.27015747 0.47908617 0.25075636 0.51378078 0.01827187 0.46794736
0.490 0.26808993 0.48001024 0.25189982 0.51056495 0.01788535 0.47154970
0.492 0.26602240 0.48093432 0.25304329 0.50734911 0.01749884 0.47515204
0.494 0.26395486 0.48185839 0.25418675 0.50413328 0.01711233 0.47875439
0.496 0.26203793 0.48167118 0.25629089 0.50122424 0.01735500 0.48142076
0.498 0.26027160 0.48037270 0.25935570 0.49862198 0.01822685 0.48315117
0.500 0.25850528 0.47907421 0.26242051 0.49601972 0.01909870 0.48488158
0.502 0.25673895 0.47777572 0.26548532 0.49341746 0.01997055 0.48661199
0.504 0.25497263 0.47647724 0.26855013 0.49081520 0.02084240 0.48834240
0.506 0.25324107 0.47519904 0.27155989 0.48920861 0.02096659 0.48982480
0.508 0.25154426 0.47394113 0.27451461 0.48859771 0.02034311 0.49105918
0.510 0.24984746 0.47268322 0.27746932 0.48798680 0.01971963 0.49229357
0.512 0.24815066 0.47142531 0.28042403 0.48737589 0.01909615 0.49352796
0.514 0.24645386 0.47016740 0.28337875 0.48676498 0.01847267 0.49476235
0.516 0.24439523 0.47085565 0.28474912 0.48715185 0.01759401 0.49525414
0.518 0.24197476 0.47349007 0.28453517 0.48853650 0.01646017 0.49500334
0.520 0.23955430 0.47612448 0.28432122 0.48992114 0.01532633 0.49475253
0.522 0.23713384 0.47875890 0.28410726 0.49130578 0.01419249 0.49450173
0.524 0.23471337 0.48139332 0.28389331 0.49269042 0.01305865 0.49425093
0.526 0.23252560 0.48162733 0.28584707 0.49049654 0.01260759 0.49689587
0.528 0.23057052 0.47946093 0.28996855 0.48472413 0.01283932 0.50243655
0.530 0.22861544 0.47729453 0.29409003 0.47895173 0.01307105 0.50797722
0.532 0.22666036 0.47512813 0.29821151 0.47317932 0.01330278 0.51351790
0.534 0.22470528 0.47296174 0.30233299 0.46740691 0.01353451 0.51905858
0.536 0.22299424 0.47131754 0.30568823 0.46373316 0.01355728 0.52270956
0.538 0.22152724 0.47019553 0.30827723 0.46215806 0.01337109 0.52447085
0.540 0.22006024 0.46907353 0.31086623 0.46058296 0.01318491 0.52623214
0.542 0.21859324 0.46795152 0.31345524 0.45900786 0.01299872 0.52799342
0.544 0.21712624 0.46682952 0.31604424 0.45743275 0.01281253 0.52975471
0.546 0.21500818 0.46799453 0.31699729 0.45752689 0.01268052 0.52979260
0.548 0.21223905 0.47144657 0.31631439 0.45929026 0.01260267 0.52810708
0.550 0.20946992 0.47489860 0.31563148 0.46105362 0.01252482 0.52642156
0.552 0.20670079 0.47835064 0.31494857 0.46281699 0.01244696 0.52473604
0.554 0.20393166 0.48180267 0.31426567 0.46458036 0.01236911 0.52305052
0.556 0.20188868 0.48282800 0.31528332 0.46407268 0.01266454 0.52326278
0.558 0.20057183 0.48142663 0.31800153 0.46129394 0.01333323 0.52537282
0.560 0.19925499 0.48002526 0.32071975 0.45851521 0.01400193 0.52748286
0.562 0.19793815 0.47862389 0.32343796 0.45573647 0.01467062 0.52959290
0.564 0.19662131 0.47722252 0.32615617 0.45295774 0.01533932 0.53170294
0.566 0.19517106 0.47445301 0.33037594 0.44878236 0.01545089 0.53576675
0.568 0.19358740 0.47031535 0.33609725 0.44321034 0.01500532 0.54178433
0.570 0.19200375 0.46617768 0.34181856 0.43763832 0.01455976 0.54780192
0.572 0.19042010 0.46204002 0.34753988 0.43206630 0.01411420 0.55381950
0.574 0.18883645 0.45790236 0.35326119 0.42649429 0.01366863 0.55983708
0.576 0.18721810 0.45606411 0.35671779 0.42272531 0.01321032 0.56406437
0.578 0.18556506 0.45652527 0.35790966 0.42075937 0.01273926 0.56650137
0.580 0.18391203 0.45698644 0.35910154 0.41879343 0.01226820 0.56893837
0.582 0.18225899 0.45744760 0.36029341 0.41682750 0.01179713 0.57137537
0.584 0.18060596 0.45790876 0.36148528 0.41486156 0.01132607 0.57381237
0.586 0.17894276 0.45738829 0.36366895 0.41299263 0.01130038 0.57570698
0.588 0.17726939 0.45588620 0.36684441 0.41122071 0.01172007 0.57705922
0.590 0.17559602 0.45438411 0.37001987 0.40944879 0.01213976 0.57841145
0.592 0.17392265 0.45288202 0.37319533 0.40767687 0.01255945 0.57976368
0.594 0.17224928 0.45137993 0.37637079 0.40590495 0.01297913 0.58111591
0.596 0.17038358 0.45059201 0.37902441 0.40460672 0.01302462 0.58236866
0.598 0.16832555 0.45051827 0.38115619 0.40378219 0.01269590 0.58352191
0.600 0.16626751 0.45044452 0.38328797 0.40295765 0.01236718 0.58467517
0.602 0.16420947 0.45037078 0.38541975 0.40213311 0.01203847 0.58582842
0.604 0.16215144 0.45029703 0.38755153 0.40130857 0.01170975 0.58698168
0.606 0.16048205 0.44942328 0.39009467 0.40045101 0.01170613 0.58784286
0.608 0.15920130 0.44774951 0.39304918 0.39956042 0.01202761 0.58841197
0.610 0.15792056 0.44607575 0.39600369 0.39866984 0.01234908 0.58898108
0.612 0.15663981 0.44440199 0.39895820 0.39777925 0.01267056 0.58955019
0.614 0.15535907 0.44272822 0.40191271 0.39688867 0.01299204 0.59011930
0.616 0.15425915 0.44105324 0.40468761 0.39498156 0.01308893 0.59192951
0.618 0.15334007 0.43937705 0.40728289 0.39205793 0.01296124 0.59498083
0.620 0.15242098 0.43770086 0.40987816 0.38913430 0.01283355 0.59803216
0.622 0.15150189 0.43602466 0.41247344 0.38621066 0.01270585 0.60108348
0.624 0.15058281 0.43434847 0.41506872 0.38328703 0.01257816 0.60413480
0.626 0.14875910 0.43451263 0.41672826 0.38193581 0.01257908 0.60548512
0.628 0.14603078 0.43651716 0.41745206 0.38215698 0.01270860 0.60513442
0.630 0.14330245 0.43852169 0.41817586 0.38237816 0.01283812 0.60478372
0.632 0.14057413 0.44052621 0.41889966 0.38259934 0.01296764 0.60443302
0.634 0.13784580 0.44253074 0.41962346 0.38282051 0.01309717 0.60408232
0.636 0.13602820 0.44183978 0.42213203 0.38121984 0.01302168 0.60575848
0.638 0.13512131 0.43845333 0.42642536 0.37779730 0.01274119 0.60946151
0.640 0.13421442 0.43506688 0.43071869 0.37437476 0.01246070 0.61316453
0.642 0.13330754 0.43168043 0.43501203 0.37095223 0.01218021 0.61686756
0.644 0.13240065 0.42829399 0.43930536 0.36752969 0.01189973 0.62057059
0.646 0.13115273 0.42580209 0.44304517 0.36401769 0.01177573 0.62420659
0.648 0.12956378 0.42420476 0.44623146 0.36041621 0.01180822 0.62777557
0.650 0.12797483 0.42260742 0.44941775 0.35681474 0.01184071 0.63134455
0.652 0.12638588 0.42101008 0.45260404 0.35321327 0.01187320 0.63491353
0.654 0.12479693 0.41941274 0.45579033 0.34961179 0.01190569 0.63848252
0.656 0.12318665 0.41898343 0.45782992 0.34681823 0.01196662 0.64121515
0.658 0.12155503 0.41972216 0.45872281 0.34483257 0.01205600 0.64311144
0.660 0.11992341 0.42046089 0.45961571 0.34284691 0.01214537 0.64500772
0.662 0.11829179 0.42119961 0.46050860 0.34086125 0.01223474 0.64690401
0.664 0.11666017 0.42193834 0.46140149 0.33887559 0.01232411 0.64880029
0.666 0.11533707 0.42112900 0.46353392 0.33680525 0.01246567 0.65072908
0.668 0.11432250 0.41877160 0.46690589 0.33465022 0.01265942 0.65269036
0.670 0.11330793 0.41641420 0.47027786 0.33249519 0.01285317 0.65465164
0.672 0.11229336 0.41405680 0.47364983 0.33034016 0.01304692 0.65661292
0.674 0.11127879 0.41169940 0.47702181 0.32818513 0.01324067 0.65857420
0.676 0.11016214 0.40925339 0.48058447 0.32609553 0.01308518 0.66081929
0.678 0.10894340 0.40671876 0.48433784 0.32407137 0.01258046 0.66334818
0.680 0.10772466 0.40418414 0.48809120 0.32204720 0.01207573 0.66587707
0.682 0.10650592 0.40164951 0.49184457 0.32002303 0.01157101 0.66840596
0.684 0.10528718 0.39911488 0.49559793 0.31799886 0.01106629 0.67093485
0.686 0.10378564 0.39792616 0.49828821 0.31477358 0.01079106 0.67443535
0.688 0.10200128 0.39808333 0.49991539 0.31034720 0.01074533 0.67890746
0.690 0.10021692 0.39824050 0.50154257 0.30592082 0.01069961 0.68337957
0.692 0.09843257 0.39839767 0.50316976 0.30149444 0.01065388 0.68785168
0.694 0.09664821 0.39855485 0.50479694 0.29706805 0.01060815 0.69232379
0.696 0.09511585 0.39825511 0.50662903 0.29536229 0.01073680 0.69390091
0.698 0.09383549 0.39749847 0.50866604 0.29637715 0.01103982 0.69258303
0.700 0.09255513 0.39674183 0.51070304 0.29739201 0.01134284 0.69126515
0.702 0.09127477 0.39598519 0.51274004 0.29840687 0.01164587 0.68994727
0.704 0.08999441 0.39522854 0.51477704 0.29942172 0.01194889 0.68862939
0.706 0.08873362 0.39401063 0.51725575 0.29978380 0.01209138 0.68812482
0.708 0.08749238 0.39233146 0.52017616 0.29949309 0.01207334 0.68843357
0.710 0.08625115 0.39065228 0.52309657 0.29920239 0.01205530 0.68874231
0.712 0.08500992 0.38897310 0.52601698 0.29891168 0.01203726 0.68905106
0.714 0.08376868 0.38729393 0.52893739 0.29862097 0.01201922 0.68935981
0.716 0.08275339 0.38405771 0.53318890 0.29741412 0.01198649 0.69059939
0.718 0.08196405 0.37926445 0.53877150 0.29529114 0.01193907 0.69276979
0.720 0.08117470 0.37447119 0.54435411 0.29316815 0.01189164 0.69494020
0.722 0.08038536 0.36967792 0.54993672 0.29104517 0.01184422 0.69711061
0.724 0.07959601 0.36488466 0.55551932 0.28892218 0.01179680 0.69928102
0.726 0.07869852 0.36165912 0.55964236 0.28667101 0.01173745 0.70159154
0.728 0.07769288 0.36000128 0.56230584 0.28429166 0.01166618 0.70404216
0.730 0.07668725 0.35834345 0.56496931 0.28191231 0.01159491 0.70649278
0.732 0.07568161 0.35668561 0.56763278 0.27953296 0.01152363 0.70894340
0.734 0.07467597 0.35502778 0.57029626 0.27715361 0.01145236 0.71139403
0.736 0.07351125 0.35335717 0.57313158 0.27452971 0.01148332 0.71398697
0.738 0.07218744 0.35167380 0.57613876 0.27166127 0.01161651 0.71672222
0.740 0.07086364 0.34999043 0.57914593 0.26879282 0.01174970 0.71945748
0.742 0.06953984 0.34830706 0.58215311 0.26592438 0.01188289 0.72219274
0.744 0.06821603 0.34662369 0.58516028 0.26305593 0.01201608 0.72492799
0.746 0.06700699 0.34526927 0.58772374 0.26115395 0.01210111 0.72674493
0.748 0.06591271 0.34424382 0.58984347 0.26021845 0.01213800 0.72764355
0.750 0.06481843 0.34321836 0.59196321 0.25928294 0.01217489 0.72854217
0.752 0.06372415 0.34219291 0.59408295 0.25834743 0.01221177 0.72944079
0.754 0.06262986 0.34116745 0.59620269 0.25741193 0.01224866 0.73033941
0.756 0.06151502 0.34039040 0.59809458 0.25553861 0.01217229 0.73228909
0.758 0.06037960 0.33986177 0.59975864 0.25272750 0.01198267 0.73528983
0.760 0.05924418 0.33933313 0.60142269 0.24991638 0.01179305 0.73829057
0.762 0.05810876 0.33880449 0.60308675 0.24710527 0.01160343 0.74129130
0.764 0.05697335 0.33827585 0.60475080 0.24429415 0.01141381 0.74429204
0.766 0.05586874 0.33608820 0.60804306 0.24175497 0.01125429 0.74699074
0.768 0.05479496 0.33224153 0.61296351 0.23948774 0.01112487 0.74938739
0.770 0.05372117 0.32839486 0.61788397 0.23722051 0.01099544 0.75178405
0.772 0.05264739 0.32454819 0.62280443 0.23495327 0.01086602 0.75418071
0.774 0.05157360 0.32070152 0.62772488 0.23268604 0.01073660 0.75657736
0.776 0.05064432 0.31846059 0.63089509 0.23142628 0.01073949 0.75783423
0.778 0.04985955 0.31782541 0.63231504 0.23117400 0.01087471 0.75795129
0.780 0.04907477 0.31719023 0.63373500 0.23092171 0.01100993 0.75806836
0.782 0.04829000 0.31655505 0.63515496 0.23066943 0.01114515 0.75818542
0.784 0.04750522 0.31591987 0.63657491 0.23041714 0.01128037 0.75830249
0.786 0.04679675 0.31395327 0.63924998 0.23029206 0.01145733 0.75825062
0.788 0.04616458 0.31065527 0.64318015 0.23029418 0.01167601 0.75802981
0.790 0.04553242 0.30735727 0.64711032 0.23029630 0.01189469 0.75780901
0.792 0.04490025 0.30405926 0.65104049 0.23029842 0.01211338 0.75758820
0.794 0.04426808 0.30076126 0.65497066 0.23030054 0.01233206 0.75736740
0.796 0.04354500 0.29673730 0.65971770 0.22695479 0.01236137 0.76068384
0.798 0.04273100 0.29198740 0.66528161 0.22026118 0.01220129 0.76753753
0.800 0.04191700 0.28723749 0.67084552 0.21356757 0.01204122 0.77439122
0.802 0.04110299 0.28248758 0.67640942 0.20687395 0.01188114 0.78124490
0.804 0.04028899 0.27773767 0.68197333 0.20018034 0.01172107 0.78809859
0.806 0.03935451 0.27541599 0.68522950 0.19635494 0.01131665 0.79232840
0.808 0.03829953 0.27552254 0.68617793 0.19539776 0.01066791 0.79393433
0.810 0.03724456 0.27562909 0.68712635 0.19444058 0.01001916 0.79554026
0.812 0.03618959 0.27573564 0.68807478 0.19348339 0.00937042 0.79714619
0.814 0.03513461 0.27584218 0.68902321 0.19252621 0.00872167 0.79875212
0.816 0.03420856 0.27409888 0.69169256 0.19075381 0.00860983 0.80063635
0.818 0.03341144 0.27050573 0.69608283 0.18816621 0.00903490 0.80279890
0.820 0.03261432 0.26691257 0.70047311 0.18557860 0.00945996 0.80496144
0.822 0.03181719 0.26331942 0.70486339 0.18299099 0.00988502 0.80712399
0.824 0.03102007 0.25972627 0.70925366 0.18040338 0.01031009 0.80928654
0.826 0.03033731 0.25775943 0.71190326 0.17885623 0.01055307 0.81059070
0.828 0.02976892 0.25741891 0.71281217 0.17834954 0.01061396 0.81103650
0.830 0.02920053 0.25707839 0.71372108 0.17784286 0.01067485 0.81148229
0.832 0.02863214 0.25673786 0.71463000 0.17733617 0.01073575 0.81192808
0.834 0.02806375 0.25639734 0.71553891 0.17682949 0.01079664 0.81237387
0.836 0.02737205 0.25505393 0.71757402 0.17480269 0.01074770 0.81444961
0.838 0.02655704 0.25270764 0.72073533 0.17125577 0.01058894 0.81815529
0.840 0.02574202 0.25036134 0.72389664 0.16770885 0.01043017 0.82186098
0.842 0.02492701 0.24801504 0.72705794 0.16416193 0.01027141 0.82556666
0.844 0.02411200 0.24566875 0.73021925 0.16061501 0.01011264 0.82927235
0.846 0.02346240 0.24253595 0.73400165 0.15912154 0.01008512 0.83079334
0.848 0.02297819 0.23861665 0.73840516 0.15968151 0.01018884 0.83012965
0.850 0.02249399 0.23469735 0.74280866 0.16024148 0.01029256 0.82946596
0.852 0.02200978 0.23077806 0.74721216 0.16080146 0.01039628 0.82880227
0.854 0.02152558 0.22685876 0.75161567 0.16136143 0.01050000 0.82813857
0.856 0.02095261 0.22365508 0.75539231 0.15958285 0.01038215 0.83003500
0.858 0.02029087 0.22116702 0.75854211 0.15546572 0.01004274 0.83449155
0.860 0.01962914 0.21867895 0.76169191 0.15134858 0.00970332 0.83894810
0.862 0.01896741 0.21619089 0.76484170 0.14723145 0.00936391 0.84340464
0.864 0.01830567 0.21370283 0.76799150 0.14311431 0.00902450 0.84786119
0.866 0.01767837 0.21130088 0.77102075 0.13999278 0.00882931 0.85117790
0.868 0.01708549 0.20898505 0.77392945 0.13786685 0.00877837 0.85335478
0.870 0.01649261 0.20666923 0.77683816 0.13574092 0.00872742 0.85553166
0.872 0.01589974 0.20435340 0.77974687 0.13361499 0.00867647 0.85770854
0.874 0.01530686 0.20203757 0.78265557 0.13148906 0.00862553 0.85988542
0.876 0.01476524 0.19950370 0.78573106 0.12941974 0.00886395 0.86171631
0.878 0.01427487 0.19675180 0.78897334 0.12740705 0.00939174 0.86320121
0.880 0.01378450 0.19399989 0.79221561 0.12539435 0.00991953 0.86468612
0.882 0.01329413 0.19124799 0.79545789 0.12338165 0.01044733 0.86617102
0.884 0.01280375 0.18849609 0.79870016 0.12136895 0.01097512 0.86765593
0.886 0.01235550 0.18565581 0.80198869 0.12019939 0.01146105 0.86833956
0.888 0.01194937 0.18272716 0.80532347 0.11987298 0.01190510 0.86822192
0.890 0.01154324 0.17979851 0.80865825 0.11954656 0.01234916 0.86810427
0.892 0.01113711 0.17686986 0.81199303 0.11922015 0.01279322 0.86798663
0.894 0.01073097 0.17394121 0.81532781 0.11889374 0.01323728 0.86786899
0.896 0.01028378 0.17138102 0.81833520 0.11632389 0.01324266 0.87043344
0.898 0.00979553 0.16918930 0.82101518 0.11151062 0.01280937 0.87568001
0.900 0.00930727 0.16699757 0.82369516 0.10669735 0.01237608 0.88092657
0.902 0.00881902 0.16480584 0.82637514 0.10188407 0.01194279 0.88617313
0.904 0.00833076 0.16261411 0.82905512 0.09707080 0.01150950 0.89141970
0.906 0.00791830 0.15965449 0.83242721 0.09424538 0.01121035 0.89454427
0.908 0.00758163 0.15592696 0.83649141 0.09340783 0.01104532 0.89554685
0.910 0.00724496 0.15219944 0.84055560 0.09257027 0.01088029 0.89654944
0.912 0.00690829 0.14847191 0.84461979 0.09173271 0.01071527 0.89755202
0.914 0.00657163 0.14474439 0.84868399 0.09089515 0.01055024 0.89855461
0.916 0.00623701 0.14156713 0.85219586 0.08923414 0.01051815 0.90024771
0.918 0.00590444 0.13894015 0.85515541 0.08674968 0.01061899 0.90263133
0.920 0.00557187 0.13631317 0.85811496 0.08426522 0.01071983 0.90501495
0.922 0.00523930 0.13368620 0.86107450 0.08178076 0.01082067 0.90739857
0.924 0.00490673 0.13105922 0.86403405 0.07929630 0.01092151 0.90978219
0.926 0.00461999 0.12735597 0.86802403 0.07737893 0.01095923 0.91166184
0.928 0.00437909 0.12257646 0.87304445 0.07602865 0.01093383 0.91303751
0.930 0.00413818 0.11779695 0.87806487 0.07467837 0.01090843 0.91441319
0.932 0.00389727 0.11301744 0.88308529 0.07332810 0.01088304 0.91578887
0.934 0.00365636 0.10823793 0.88810571 0.07197782 0.01085764 0.91716454
0.936 0.00341791 0.10451752 0.89206457 0.07080623 0.01051511 0.91867866
0.938 0.00318193 0.10185620 0.89496186 0.06981333 0.00985545 0.92033123
0.940 0.00294595 0.09919489 0.89785916 0.06882043 0.00919579 0.92198379
0.942 0.00270997 0.09653357 0.90075646 0.06782753 0.00853612 0.92363635
0.944 0.00247399 0.09387226 0.90365376 0.06683462 0.00787646 0.92528891
0.946 0.00228767 0.09133555 0.90637679 0.06514316 0.00773566 0.92712119
0.948 0.00215101 0.08892345 0.90892555 0.06275312 0.00811370 0.92913317
0.950 0.00201435 0.08651135 0.91147431 0.06036309 0.00849175 0.93114516
0.952 0.00187769 0.08409925 0.91402307 0.05797306 0.00886980 0.93315715
0.954 0.00174103 0.08168715 0.91657183 0.05558302 0.00924784 0.93516913
0.956 0.00159376 0.07871427 0.91969197 0.05400510 0.00921632 0.93677859
0.958 0.00143589 0.07518062 0.92338349 0.05323928 0.00877521 0.93798551
0.960 0.00127802 0.07164697 0.92707501 0.05247346 0.00833411 0.93919243
0.962 0.00112016 0.06811331 0.93076653 0.05170764 0.00789301 0.94039935
0.964 0.00096229 0.06457966 0.93445805 0.05094182 0.00745191 0.94160627
0.966 0.00083862 0.06080795 0.93835342 0.04825635 0.00697399 0.94476965
0.968 0.00074917 0.05679820 0.94245264 0.04365124 0.00645927 0.94988949
0.970 0.00065971 0.05278844 0.94655185 0.03904612 0.00594454 0.95500933
0.972 0.00057025 0.04877868 0.95065107 0.03444101 0.00542982 0.96012918
0.974 0.00048079 0.04476893 0.95475028 0.02983589 0.00491509 0.96524902
0.976 0.00041378 0.04130851 0.95827771 0.02752158 0.00472740 0.96775102
0.978 0.00036923 0.03839741 0.96123336 0.02749809 0.00486673 0.96763518
0.980 0.00032467 0.03548632 0.96418900 0.02747459 0.00500607 0.96751934
0.982 0.00028011 0.03257523 0.96714465 0.02745109 0.00514541 0.96740350
0.984 0.00023556 0.02966414 0.97010030 0.02742760 0.00528474 0.96728766
0.986 0.00019822 0.02601365 0.97378813 0.02639169 0.00534994 0.96825836
0.988 0.00016812 0.02162375 0.97820814 0.02434338 0.00534101 0.97031561
0.990 0.00013801 0.01723385 0.98262814 0.02229507 0.00533208 0.97237285
0.992 0.00010790 0.01284395 0.98704815 0.02024676 0.00532315 0.97443009
0.994 0.00007779 0.00845405 0.99146816 0.01819845 0.00531421 0.97648733
0.996 0.00005019 0.00500728 0.99494253 0.01373944 0.00424780 0.98201276
0.998 0.00002509 0.00250364 0.99747127 0.00686972 0.00212390 0.99100638
1.000 0.00000000 0.00000000 1.00000000 0.00000000 0.00000000 1.00000000
